00000000000010011010000000100001
10001101010011110000000000000000
10101101011011110000000000000000
00100001011010110000000000000100
00100001010010100000000000000100
00100000000000010000000000000001
00000010100000011010000000100010
00100000000000010000000000000000
00010100001101001111111111111000
00100000000000010000000000000100
01110001001000010111100000000010
00000001011011110101100000100010
00000000000010010111100000100001
00000000000010111100000000100001
00100000000000010000000000000001
00000001111000010111100000100010
00000000000000001010100000100000
00000000000000001000100000100000
00000000000000001001000000100000
00000001111100011100100000100010
00100001011011100000000000000100
00010010010110010000000000001011
10001101011011000000000000000000
10001101110011010000000000000000
00000001101011000000100000101010
00010000001000000000000000000011
10101101110011000000000000000000
10101101011011010000000000000000
00100000000101010000000000000001
00100010010100100000000000000001
00100001011010110000000000000100
00100001110011100000000000000100
00000100000000011111111111110011
00100000000000010000000000000000
00010000001101010000000000000100
00010010001011110000000000000011
00100010001100010000000000000001
00000000000110000101100000100001
00000100000000011111111111101011
00000000000110000101100000100001
00000000000000001000100000100000